120
320
start
 
1840
840
end
 
10
250
100
340
dirt
 
310
390
500
60
dirt
 
800
380
80
480
dirt
 
480
590
560
60
dirt
 
740
480
40
40
dirt
 
410
550
420
20
dirt
 
0
650
80
460
dirt
 
440
850
800
60
dirt
 
840
920
1760
80
dirt
 
1190
850
340
60
dirt
 
1510
760
100
40
dirt
 
1840
930
240
60
dirt
 
1940
710
40
380
dirt
 
690
550
140
20
lava
 
930
850
180
60
lava
 
1520
850
320
60
lava
 
50
720
20
200
lava
 
1698
849
37
58
dirt
 
310
350
500
20
grass
 
450
810
780
20
grass
 
1190
810
340
20
grass
 
1510
730
100
20
grass
 
1700
810
40
20
grass
 
1820
880
200
40
grass
 
1940
500
40
40
grass
 
800
120
80
40
grass
 
10
60
100
40
grass
 
